2000
4090
0
6
8
10
16
18
20
20
27
29
30
30
34
35
39
39
43
46
48
52
53
56
57
58
62
62
65
68
70
70
73
76
78
81
82
85
85
87
88
89
90
90
95
99
100
100
101
102
105
110
112
113
115
120
124
128
129
129
129
130
131
132
134
137
138
139
143
146
147
148
153
155
157
161
162
164
165
168
170
173
174
176
177
178
178
178
179
180
181
182
184
186
192
195
197
197
200
200
200
203
208
209
212
214
216
219
221
222
228
230
231
235
237
237
238
239
239
242
243
243
245
245
245
247
249
254
257
260
261
263
264
265
266
269
272
273
274
277
278
281
283
285
285
288
288
289
296
297
297
297
298
302
303
306
309
312
315
317
322
322
322
323
326
332
333
334
335
336
340
342
344
345
352
354
356
356
359
361
365
370
373
375
376
377
380
382
385
389
389
390
393
396
398
402
404
408
408
411
413
416
420
421
421
423
424
426
430
432
436
438
441
442
443
443
445
446
449
451
455
457
459
465
466
467
470
473
474
477
478
478
480
482
483
484
484
487
487
488
488
489
489
490
497
498
498
500
500
500
500
502
504
507
510
516
517
519
522
524
528
533
536
539
542
543
545
549
553
555
556
558
558
559
560
563
564
566
569
570
574
576
578
579
581
584
585
589
591
595
597
598
599
600
603
608
608
610
611
614
618
618
618
621
626
628
629
629
631
631
631
633
635
639
640
642
644
648
648
650
652
655
655
658
661
662
664
666
666
671
674
674
678
681
684
686
689
691
695
697
701
704
706
709
711
714
719
721
722
725
729
730
731
731
733
734
736
736
738
740
743
744
746
751
752
754
755
759
761
761
764
765
769
770
773
775
780
783
785
785
791
791
792
794
796
797
799
800
804
809
810
810
811
813
815
818
819
823
826
826
830
830
830
833
833
834
836
838
842
844
845
846
850
854
856
856
859
860
862
865
870
872
873
874
876
878
878
881
883
883
885
888
894
896
898
899
901
903
907
912
915
918
920
923
925
928
932
934
935
937
937
937
941
944
946
948
949
950
952
953
956
958
964
964
966
967
968
969
973
975
976
976
979
981
982
983
987
988
988
988
992
994
996
998
999
1002
1004
1006
1007
1009
1010
1012
1014
1017
1019
1022
1023
1025
1026
1026
1031
1033
1036
1036
1038
1043
1044
1044
1046
1047
1049
1050
1050
1052
1055
1057
1062
1065
1068
1069
1071
1072
1074
1076
1078
1080
1082
1083
1084
1085
1087
1089
1094
1094
1097
1097
1101
1105
1106
1107
1110
1111
1113
1115
1116
1119
1120
1123
1126
1129
1134
1139
1139
1140
1140
1144
1148
1151
1153
1159
1160
1161
1167
1168
1168
1171
1173
1175
1177
1180
1184
1186
1189
1191
1195
1198
1198
1200
1201
1202
1204
1207
1213
1215
1217
1221
1222
1224
1225
1225
1227
1227
1228
1230
1231
1232
1236
1238
1243
1248
1249
1253
1255
1257
1260
1262
1266
1269
1270
1272
1275
1275
1277
1278
1281
1283
1286
1288
1290
1294
1297
1301
1303
1304
1304
1305
1309
1314
1319
1321
1323
1325
1330
1334
1338
1339
1342
1345
1347
1347
1349
1352
1354
1355
1358
1361
1361
1362
1365
1366
1370
1371
1379
1380
1381
1384
1387
1388
1390
1393
1394
1398
1401
1403
1403
1404
1405
1409
1411
1415
1424
1424
1424
1424
1426
1430
1432
1435
1435
1437
1438
1440
1442
1443
1447
1449
1451
1455
1458
1459
1459
1460
1463
1465
1470
1471
1474
1474
1474
1476
1479
1480
1481
1484
1487
1488
1489
1491
1496
1497
1500
1501
1501
1502
1503
1505
1506
1506
1510
1511
1515
1519
1519
1520
1522
1525
1526
1528
1531
1531
1534
1536
1538
1542
1544
1547
1552
1553
1555
1558
1560
1560
1562
1566
1570
1573
1574
1578
1582
1587
1587
1593
1594
1596
1601
1602
1605
1610
1611
1613
1616
1617
1618
1621
1622
1623
1625
1630
1632
1634
1634
1636
1639
1641
1643
1643
1643
1645
1647
1651
1651
1654
1660
1660
1664
1665
1668
1668
1670
1671
1673
1673
1674
1676
1678
1680
1681
1682
1688
1689
1692
1693
1695
1697
1699
1699
1699
1700
1700
1701
1705
1708
1710
1714
1716
1719
1720
1721
1722
1724
1729
1731
1731
1732
1735
1738
1739
1740
1744
1746
1747
1750
1753
1756
1758
1758
1760
1763
1764
1765
1766
1766
1768
1769
1772
1774
1775
1780
1782
1785
1788
1789
1791
1794
1799
1801
1803
1804
1806
1807
1808
1809
1809
1810
1810
1810
1812
1814
1814
1819
1820
1822
1823
1823
1827
1830
1832
1833
1834
1836
1837
1839
1840
1841
1844
1846
1847
1848
1850
1851
1851
1852
1855
1858
1862
1865
1868
1871
1873
1876
1878
1880
1881
1881
1886
1887
1889
1894
1895
1897
1899
1901
1902
1902
1902
1905
1907
1908
1910
1913
1917
1920
1923
1928
1930
1931
1931
1933
1933
1935
1938
1939
1939
1939
1940
1944
1945
1947
1947
1947
1947
1947
1949
1951
1954
1957
1957
1960
1962
1964
1965
1967
1968
1971
1976
1978
1982
1986
1986
1989
1992
1994
1996
1998
2001
2005
2007
2009
2010
2012
2012
2014
2016
2019
2021
2024
2026
2027
2032
2034
2036
2039
2041
2046
2048
2050
2051
2052
2054
2058
2061
2061
2062
2063
2064
2065
2065
2068
2070
2071
2073
2074
2075
2079
2081
2082
2083
2084
2088
2089
2092
2093
2096
2096
2100
2101
2104
2106
2110
2111
2115
2118
2121
2123
2123
2125
2127
2130
2131
2133
2136
2139
2142
2143
2147
2147
2148
2148
2150
2151
2152
2154
2156
2156
2159
2163
2165
2167
2168
2168
2170
2171
2173
2177
2181
2184
2185
2186
2186
2187
2188
2189
2191
2194
2195
2196
2199
2202
2204
2205
2209
2209
2209
2214
2216
2218
2221
2223
2223
2225
2225
2229
2232
2232
2234
2238
2240
2241
2242
2242
2245
2247
2249
2252
2254
2257
2258
2259
2262
2267
2269
2269
2272
2274
2276
2280
2283
2284
2287
2289
2293
2296
2299
2303
2305
2307
2310
2310
2313
2315
2316
2319
2320
2323
2325
2329
2332
2334
2335
2337
2340
2342
2344
2349
2352
2352
2352
2355
2358
2362
2363
2367
2369
2370
2370
2374
2376
2380
2382
2385
2386
2388
2389
2393
2397
2399
2400
2402
2404
2407
2409
2410
2413
2417
2420
2421
2423
2426
2429
2430
2433
2434
2436
2436
2439
2439
2443
2445
2445
2445
2446
2448
2449
2450
2451
2453
2455
2459
2461
2461
2463
2466
2467
2469
2470
2470
2473
2473
2477
2480
2482
2483
2485
2488
2491
2492
2494
2496
2497
2498
2502
2505
2506
2510
2512
2515
2518
2519
2523
2523
2525
2528
2531
2532
2539
2542
2545
2547
2549
2554
2558
2560
2562
2566
2567
2569
2569
2573
2577
2578
2578
2578
2580
2582
2587
2594
2596
2597
2600
2601
2603
2605
2607
2610
2611
2615
2619
2621
2622
2623
2625
2627
2631
2633
2636
2637
2639
2642
2645
2648
2648
2651
2655
2655
2656
2658
2658
2658
2658
2659
2662
2665
2667
2671
2675
2677
2680
2680
2680
2681
2683
2685
2686
2689
2693
2694
2695
2699
2702
2703
2704
2707
2711
2713
2713
2714
2717
2718
2722
2726
2729
2732
2733
2735
2737
2738
2740
2740
2742
2742
2745
2749
2750
2753
2757
2759
2759
2761
2764
2766
2767
2770
2773
2775
2775
2780
2781
2781
2783
2784
2788
2788
2789
2792
2793
2794
2795
2797
2799
2801
2807
2808
2811
2812
2815
2819
2821
2823
2824
2828
2829
2830
2831
2832
2834
2840
2842
2843
2845
2850
2850
2851
2854
2857
2858
2859
2859
2862
2864
2867
2868
2868
2870
2872
2873
2875
2877
2882
2885
2887
2891
2893
2894
2896
2896
2897
2897
2901
2901
2904
2906
2910
2913
2916
2916
2918
2924
2925
2926
2927
2930
2932
2936
2938
2942
2943
2945
2947
2948
2950
2952
2952
2953
2955
2955
2956
2958
2959
2961
2964
2966
2970
2971
2975
2979
2982
2985
2991
2993
2995
2995
2996
2997
2999
3001
3003
3008
3012
3014
3016
3017
3022
3026
3030
3035
3038
3040
3042
3044
3048
3051
3052
3053
3055
3058
3061
3063
3065
3066
3066
3067
3068
3069
3070
3072
3076
3078
3078
3080
3080
3080
3084
3086
3086
3090
3090
3091
3092
3094
3098
3100
3104
3108
3110
3112
3113
3115
3116
3118
3118
3119
3120
3121
3123
3125
3125
3126
3132
3134
3135
3137
3140
3142
3143
3146
3146
3150
3154
3154
3157
3157
3160
3166
3168
3171
3172
3175
3177
3179
3181
3183
3184
3184
3185
3187
3187
3188
3190
3192
3194
3197
3201
3204
3206
3208
3210
3211
3212
3212
3212
3214
3218
3220
3221
3222
3224
3227
3229
3230
3233
3236
3239
3241
3243
3244
3244
3244
3244
3246
3248
3248
3252
3257
3259
3259
3259
3262
3268
3271
3275
3276
3278
3279
3281
3284
3284
3284
3286
3287
3287
3291
3294
3295
3296
3299
3302
3303
3304
3306
3307
3310
3311
3313
3314
3315
3320
3321
3325
3326
3327
3329
3332
3333
3336
3338
3340
3341
3341
3342
3343
3345
3347
3348
3349
3352
3352
3354
3355
3360
3363
3366
3368
3371
3372
3373
3378
3382
3386
3389
3391
3396
3396
3397
3399
3399
3403
3405
3406
3410
3412
3414
3415
3416
3416
3417
3420
3421
3422
3424
3425
3429
3431
3431
3432
3435
3440
3442
3443
3444
3444
3446
3447
3451
3453
3455
3457
3461
3463
3463
3465
3468
3470
3470
3473
3478
3479
3479
3481
3482
3486
3487
3488
3489
3490
3492
3494
3494
3495
3497
3497
3497
3498
3500
3504
3505
3506
3507
3508
3513
3515
3519
3522
3522
3522
3523
3526
3528
3528
3529
3532
3534
3534
3538
3538
3540
3543
3546
3547
3547
3550
3551
3551
3554
3555
3559
3561
3564
3565
3566
3568
3569
3572
3573
3575
3575
3578
3578
3578
3583
3585
3587
3588
3588
3588
3590
3591
3593
3595
3597
3597
3599
3599
3599
3603
3606
3607
3609
3611
3613
3614
3616
3617
3620
3620
3621
3622
3624
3627
3627
3628
3628
3629
3630
3633
3638
3642
3644
3647
3650
3655
3655
3655
3657
3659
3666
3670
3674
3677
3678
3679
3680
3681
3683
3687
3689
3691
3692
3694
3696
3699
3701
3701
3703
3705
3709
3711
3712
3714
3716
3719
3721
3724
3725
3725
3726
3726
3726
3729
3730
3733
3734
3734
3735
3736
3737
3740
3744
3746
3750
3752
3754
3756
3757
3757
3759
3761
3766
3767
3770
3772
3775
3778
3779
3780
3781
3781
3784
3787
3791
3791
3791
3795
3797
3800
3802
3806
3807
3808
3809
3811
3815
3818
3820
3822
3825
3827
3830
3831
3837
3842
3844
3846
3847
3847
3849
3850
3854
3856
3859
3861
3861
3863
3864
3867
3870
3871
3872
3874
3874
3876
3877
3881
3884
3885
3885
3887
3889
3892
3895
3899
3899
3903
3905
3907
3908
3912
3913
3914
3915
3919
3922
3926
3929
3931
3931
3935
3935
3937
3939
3940
3941
3942
3945
3947
3947
3949
3949
3951
3955
3957
3960
3962
3964
3964
3967
3969
3970
3972
3975
3979
3981
3986
3988
3989
3993
3996
3997
4000
4001
4001
4001
4001
4005
4008
4010
4012
4015
4021
4023
4026
4030
4033
4033
4035
4037
4041
4043
4044
4046
4048
4049
4055
4055
4056
4058
4061
4063
4065
4067
4068
4070
4073
4073
4074
4075
4076
4078
4081
4082
4086
4088
4088
4090
1
251
252
1017
1294
1791
0
624
42
110
25
434
533
904
1385
1667
12
72
556
891
85
472
1210
1343
1363
1646
1657
18
80
1587
54
394
685
1934
4
596
632
769
1329
511
1163
1326
1662
548
1487
1885
1786
1952
8
138
1139
1891
1372
314
987
1356
932
791
512
564
922
1973
3
940
1985
659
919
1713
918
1708
715
1058
1877
1682
1810
1922
1144
1803
424
649
659
254
1163
1409
1626
1030
1340
1386
220
229
80
579
602
1283
1884
2
202
1952
1964
538
1281
1494
587
595
1003
261
377
807
1242
1884
624
1500
754
76
616
829
1090
1332
1518
1773
92
950
1011
1692
11
483
629
746
1511
287
493
277
1478
1568
760
1130
1623
457
317
1011
1565
1855
1888
431
957
1544
1695
1005
681
979
1018
1712
1962
495
1816
825
868
4
140
685
1643
666
281
625
728
51
542
786
192
1843
1211
1411
1929
1674
8
41
1266
667
7
397
1414
135
289
1677
907
1310
776
801
1265
1430
1673
1747
53
324
1760
652
1872
553
1657
1700
559
1201
1853
310
903
1006
1826
1970
954
717
1548
1935
705
1196
781
1018
490
817
1970
351
1164
898
155
430
490
808
1072
1875
432
837
284
2
340
624
1632
563
1103
611
1405
1173
1800
1855
562
179
1944
1384
1922
1156
1195
355
369
1218
1379
1783
256
1130
1245
1154
1226
1320
1318
492
932
730
1964
485
270
740
1568
193
1800
1811
553
88
555
1781
1835
683
18
574
633
667
1095
72
1993
257
1557
1947
1332
520
841
924
980
1315
1489
1859
452
1703
232
918
1434
1648
1581
751
1726
1734
193
533
1308
410
885
1253
107
578
1874
1135
1277
410
1142
1256
1585
1865
1971
194
864
1332
734
1126
1156
1227
1255
1628
313
1678
314
1254
488
847
1251
1298
1411
1554
701
1705
1662
258
407
599
1286
1293
1328
1838
1079
1449
1028
1162
1253
1290
1366
527
1793
830
926
1013
1731
284
374
534
814
1146
119
514
978
519
830
1044
1353
207
437
585
571
1235
553
1050
1120
234
635
779
1592
333
424
444
891
833
1212
1946
300
1159
77
346
1123
1799
133
153
161
217
473
568
324
446
1232
1642
1946
308
394
1724
983
1241
1557
1876
741
42
1937
503
584
1538
217
343
700
1002
1189
1576
183
386
1126
1936
449
1867
1004
1283
1451
332
1403
1124
1896
408
706
1462
1829
1017
1479
194
205
984
1187
459
1786
745
1495
38
544
701
797
928
1387
1104
367
258
357
1268
381
529
1500
1242
537
1547
1669
1754
39
267
1670
1885
1738
150
186
417
552
1035
534
327
826
1082
1280
1336
1339
1849
1872
419
956
1204
689
1972
623
1394
964
1553
1835
0
1063
1804
0
442
484
727
1127
1304
1661
33
335
406
1521
1600
125
692
142
1111
1488
1668
171
223
1134
1224
1464
921
1116
1489
477
986
1096
48
647
1892
1514
1211
1784
265
783
1624
1780
264
844
1136
1235
797
878
229
1428
1647
132
1613
1207
1672
1763
1813
1062
1232
916
950
1345
991
60
737
894
1843
1424
1633
693
1846
405
74
681
437
1888
1912
1191
109
178
541
1113
1871
1954
446
808
1029
1226
58
1000
616
89
465
529
1362
1486
405
578
1087
1305
1946
1161
1886
1967
502
1071
1288
470
939
1516
1796
191
1419
1870
562
629
868
1261
1786
966
1807
1919
745
1221
198
531
1031
1463
99
591
1106
1805
1287
497
569
163
1257
20
165
1292
1578
673
1434
64
1601
410
707
1008
969
1020
1519
693
1384
1837
414
951
1982
92
196
497
751
1152
1294
1566
240
369
1573
557
779
1635
1919
1171
1461
1905
1103
1732
1968
210
1353
188
513
1712
340
1982
254
596
848
1012
1280
1736
616
1362
1521
1670
658
748
1097
795
1076
110
334
499
1541
1738
569
724
1178
205
531
638
711
1415
782
1039
482
192
1506
1994
375
897
1096
1791
582
1234
105
1651
915
754
1464
124
443
463
1866
223
601
1987
748
374
1015
754
783
1235
1580
1855
1277
723
968
1671
869
1294
1351
1612
1297
1303
222
913
1548
1662
124
327
763
1281
725
705
987
1633
1319
1959
531
649
1110
1280
1475
178
359
1877
347
1595
48
526
760
800
1253
1294
1188
733
1253
224
1816
847
1148
1905
1140
878
1348
1569
1592
207
556
1218
1390
1636
1144
1217
540
575
732
834
765
1105
1984
746
11
198
1260
1906
546
920
1686
86
1134
1195
1335
1278
1705
1875
1051
523
1661
975
1707
280
292
1468
1470
255
1809
171
214
553
658
754
1881
154
157
318
948
718
1448
881
962
1307
322
745
904
979
1379
1425
234
614
1019
1542
1629
1449
1755
242
1209
639
1575
1199
1784
32
189
1097
499
1184
1516
1547
953
1060
1219
1222
1243
1371
1471
1520
1847
107
1730
66
729
108
1073
1681
3
1184
705
1308
1320
1685
534
1346
1390
1467
1953
183
282
612
1790
1906
1955
1262
1948
1560
1746
1818
1627
1792
252
663
1911
355
1038
1155
1881
189
1513
1978
196
286
208
794
851
1845
640
732
750
715
764
146
1868
1745
1108
1514
1557
816
63
1400
1409
941
1781
218
1258
1362
1681
1960
1978
1321
1658
1492
356
1941
290
691
892
1832
648
1633
1790
525
724
1306
297
811
474
7
194
497
1366
1566
471
260
721
1300
1305
1369
1937
566
909
986
1988
1751
345
528
1558
54
1281
252
1653
131
1588
1967
1142
167
1456
1007
1843
104
107
1540
560
1082
128
533
1215
59
1107
1539
70
312
326
473
1298
1757
708
1223
340
425
627
1063
1700
296
596
1052
1261
1729
203
1587
1937
1707
1090
1185
872
739
863
15
718
871
23
1475
333
1031
1112
1138
1443
179
537
972
846
1241
1381
866
617
1317
1975
180
953
145
1740
653
1024
618
645
403
1469
667
469
377
176
766
482
1115
224
291
980
1807
1918
308
343
373
3
153
492
912
178
238
436
565
1429
1560
226
514
1449
43
615
1154
390
1019
284
76
1633
1951
1473
220
846
899
579
1491
1699
395
1974
1975
555
1223
1460
1540
1836
16
885
1280
1533
1992
1531
234
556
594
1632
95
134
185
409
1291
1578
1868
136
547
5
386
552
667
1182
1377
329
1207
98
1222
1455
1883
1918
1963
491
117
301
691
111
1811
23
1661
534
1581
479
825
1151
950
1228
1345
1817
194
1964
312
342
1026
1229
1900
184
664
1456
1908
1158
1352
1742
138
1501
390
1442
1243
1655
155
292
1700
41
545
1028
1138
1403
1636
893
1023
1536
1632
348
1035
1972
1996
1684
204
894
183
47
1761
940
1508
1719
310
1000
953
986
1200
1947
552
1250
47
727
964
1045
1681
13
335
502
718
1337
642
877
1011
1027
1640
171
1365
823
1376
357
1522
1959
41
1760
963
1347
1374
1604
733
736
1920
1848
667
1450
1201
1349
1426
1106
1846
932
113
776
866
437
1715
851
904
1716
417
1462
539
1599
51
288
337
966
517
1568
1824
522
1311
1523
1819
1594
1664
1400
1628
249
901
1054
1752
1
49
110
1420
1800
74
700
1397
1504
1948
1611
1774
499
1806
1514
1535
54
301
1142
1410
1615
1177
1178
1570
1781
674
749
1227
1347
13
138
901
1903
985
994
1844
186
641
667
1448
343
1093
1827
421
1151
450
635
741
1171
597
671
1157
1458
522
774
1431
875
261
970
1519
1717
466
32
373
1020
1088
1190
1539
1645
1950
1604
1333
93
954
1916
521
795
953
1780
1443
1748
1096
1722
1945
849
338
409
783
1060
26
32
1051
1282
1317
1022
442
571
781
1677
1936
851
1612
73
888
1821
1996
82
139
524
556
606
637
821
1723
1795
642
1824
737
804
1347
1559
316
1207
631
1230
1634
1070
1430
1556
973
1520
881
1226
744
69
281
1183
1399
744
1704
137
1215
1070
1142
1719
1935
11
72
1858
1776
1657
248
1074
1826
1015
1680
465
562
1252
1667
1742
256
279
321
949
778
1166
825
924
934
1099
1249
205
625
1457
169
220
1183
1747
1513
1832
1930
102
371
435
916
1129
215
318
725
839
498
1450
343
1746
1984
1288
29
451
1815
1843
1000
101
774
1161
1507
411
511
596
1910
1625
477
1875
1645
1716
1839
362
342
469
370
707
1669
252
595
1382
75
1862
431
799
129
956
1347
1939
974
1299
391
450
1733
380
604
842
1509
1782
162
1082
1332
604
864
1862
277
672
510
1699
132
1430
1448
1634
200
641
750
1988
762
1298
1917
1524
680
682
932
1513
219
305
415
1109
54
393
1234
1450
1745
338
358
753
970
1707
1868
631
450
741
152
326
807
1160
1525
1896
748
1388
1729
50
353
360
409
1924
1101
1812
1873
1043
1236
1328
1854
850
62
377
1115
1354
742
369
1048
451
1597
1721
1765
1816
392
1417
527
1327
1434
1961
13
1130
1561
1260
1905
1195
1523
645
717
1059
1761
91
611
796
1064
696
1222
1569
186
329
904
1574
1864
1915
103
664
828
1485
344
264
360
658
1107
1581
76
1167
1214
1363
945
1642
22
1680
820
1231
1751
449
339
653
1051
1530
1806
1855
776
220
266
810
1295
729
1266
377
1526
91
1707
672
990
48
751
1680
1886
107
286
1459
843
1426
797
1519
1889
1972
470
1509
1143
1441
1626
1626
178
1229
456
824
104
1282
1757
1793
1898
1196
1454
792
667
1442
1929
829
1834
1860
600
816
71
566
697
941
241
1802
1108
781
946
1534
52
822
1798
177
180
1673
1873
1899
190
1604
391
1050
1861
1920
1376
108
707
1791
1308
145
1067
1799
733
1769
809
265
1123
1460
1588
1616
876
996
515
544
975
167
382
894
335
657
1879
759
1015
1745
449
613
665
1195
1867
1625
1642
1137
1355
1938
987
1634
1524
1871
1033
1448
510
1908
161
736
516
611
1387
1481
1535
1883
71
301
364
511
1047
1105
1867
508
1433
1472
1036
1689
1719
646
845
954
598
266
385
1634
1052
413
679
1407
1389
1910
944
1200
154
548
1264
666
1250
1259
1665
934
1403
1897
5
189
1105
1818
465
1009
1902
580
1299
1403
277
584
847
1649
1924
1017
1398
1632
347
1654
106
1257
544
623
633
917
1027
1861
1168
99
920
3
415
613
779
1534
1215
985
1234
90
1455
1279
1817
479
533
1606
1922
367
1366
1386
352
1521
275
705
1145
901
1384
1754
1978
27
150
1489
26
1240
1427
395
903
1212
1247
1767
259
1179
23
145
697
177
1845
1385
1432
1484
220
1550
21
128
610
744
1206
697
890
297
1760
25
589
458
825
1070
1329
1444
1695
883
1493
1882
790
1809
828
1241
1057
410
1173
693
53
275
567
323
1102
1340
1573
1860
1876
1894
428
519
593
653
100
652
876
1834
244
730
1845
66
968
1249
1407
1893
1271
1625
1351
1891
1091
1488
1745
413
1221
1448
1883
603
1311
250
595
1122
302
616
362
957
320
976
647
748
1444
1541
1630
514
1130
1853
678
1394
731
404
846
1074
1263
1652
969
1508
1325
1890
179
1041
1219
69
416
145
529
1007
1099
1978
1129
1597
1443
1637
199
217
634
906
260
480
593
1531
20
371
855
1259
806
276
1131
634
1691
1738
1423
1736
845
1303
1374
1899
1268
287
592
716
1350
1374
1537
205
47
209
68
1380
1815
1944
99
489
980
1722
318
892
1272
1376
53
65
598
1325
335
177
1644
1791
1552
1987
359
690
850
1548
1226
0
216
896
1306
69
103
1617
417
540
1366
320
649
662
1731
580
1307
521
1451
1719
1978
569
1449
598
901
1078
173
579
1528
286
1182
1252
36
309
513
1397
1867
858
236
582
873
1488
443
1948
344
1559
978
1753
1848
1165
1451
1584
1870
757
1444
181
1221
595
871
1096
763
1313
1383
185
834
1148
1553
402
659
795
1938
502
880
1619
1662
623
1159
947
29
775
1549
428
658
1247
1962
274
251
501
1782
776
1409
1708
1174
1213
1326
841
1266
1625
1702
676
684
941
1380
1727
296
1394
107
1686
433
1213
1723
689
975
339
1368
1027
1519
1686
1811
172
1674
1919
1568
1875
241
491
735
1863
1136
1785
1552
1184
292
1602
1833
649
1871
1412
1814
52
507
1169
961
1858
1121
1299
1574
638
1369
139
1150
1576
260
347
656
1047
1916
338
424
698
980
1303
1264
1930
755
1490
951
1305
1435
1991
111
331
1508
221
392
871
891
310
609
494
785
1151
1221
454
827
1241
745
1411
1573
373
1337
1454
1627
257
1658
513
1677
284
1434
1860
528
760
1825
259
1589
1782
1495
1853
1854
1569
185
1193
1370
1092
1847
965
1434
1602
1941
192
844
1631
213
1663
1954
162
207
252
1608
1764
1227
1731
705
981
62
125
769
972
1453
992
1785
1981
258
397
1197
156
1525
1837
265
1083
1584
1692
853
513
579
1159
1737
18
1185
384
157
487
629
684
812
1768
31
387
1184
1241
916
1417
178
1242
1427
1451
383
1050
1409
1095
1200
1340
1445
566
639
1107
1964
326
1982
1826
126
539
443
1854
123
162
1387
642
1450
572
191
1056
1138
751
1416
1878
1963
294
717
1602
173
15
34
105
1171
1669
1042
1180
1916
696
787
1356
1774
902
1090
1472
330
641
1164
116
948
1296
1485
1065
1344
630
342
630
921
1165
1684
556
1029
681
701
425
434
1085
1144
507
1139
217
1269
379
1278
1556
206
649
1361
283
1120
1510
1996
123
397
771
851
102
818
1637
1134
1375
1347
422
1999
593
884
1150
98
607
1959
1527
1504
1862
244
1577
1965
933
272
558
673
1433
1329
1791
1942
420
7
1558
1605
1978
78
263
190
920
1234
1065
1073
1498
787
492
683
905
1894
389
1539
124
386
1242
428
978
1337
1663
305
962
1044
1107
1359
1690
1761
429
559
778
498
547
1609
258
1786
1264
1526
126
286
679
1016
1408
162
631
1128
1722
567
1843
570
815
674
1457
1618
1994
792
196
274
349
746
906
1212
184
265
360
1771
757
1258
1794
919
1431
199
515
946
1108
1144
48
225
1146
1218
1774
1858
1909
429
577
1847
125
1263
1593
1913
920
1060
1625
1797
699
957
594
889
1518
167
691
1029
1883
1904
154
175
377
380
166
1599
162
157
313
898
459
1239
889
989
1717
1964
394
770
301
502
1456
439
975
1245
886
1100
1225
91
1713
1833
81
799
1067
223
999
1640
1187
1623
1951
1983
959
1009
1361
1383
156
361
1362
400
1188
1890
908
1499
241
336
373
548
45
369
483
1948
660
817
41
209
1375
171
311
1814
296
713
1574
175
1324
1878
554
1413
1869
1875
314
171
0
326
364
377
798
1591
1688
1173
365
167
497
742
731
893
1092
1876
477
1635
1898
365
997
1099
252
292
477
1102
1590
469
1017
1440
1472
413
1023
1364
153
435
840
1800
90
1629
618
963
1898
1049
1400
145
1574
517
660
1949
127
1394
1598
1792
372
126
435
1850
461
1441
1527
1591
1810
1906
1290
1792
977
1011
1629
15
1066
766
171
757
1473
13
942
1208
1461
1967
52
144
161
735
1461
651
397
1478
241
596
1110
1219
1791
241
36
951
1150
1505
1848
7
1174
1976
275
567
436
1610
603
631
672
730
1198
1645
385
607
1570
1610
1000
364
960
1569
572
1431
1486
1660
182
332
761
1607
853
20
1167
1580
1841
1430
1773
1221
1542
1190
1272
291
337
459
1277
1403
1698
7
789
1307
599
1576
175
473
913
1019
1575
1076
478
1094
1610
1120
1764
1908
429
19
603
997
1001
1197
1283
600
836
1009
556
124
416
1005
1070
515
727
1491
1049
1276
122
321
917
1716
1939
3
927
1414
37
914
220
866
1156
1452
753
1592
882
386
436
1705
249
973
1071
1318
1686
1801
1988
625
1031
896
1504
1620
1891
681
1425
1443
457
620
1313
1830
1943
211
579
890
893
1362
1478
1824
114
1574
881
958
1912
1226
1486
34
457
1064
1149
629
1862
78
168
1109
1621
1089
1291
1726
87
1385
343
1160
1558
765
1145
300
624
1954
1621
995
1652
278
416
1399
607
809
1436
919
1146
268
1487
1802
1928
535
91
676
740
1357
645
1240
1352
1908
927
1793
1966
872
1207
1951
150
316
768
1113
1122
1538
1102
1836
1426
1657
1966
1543
1306
1876
812
1321
576
821
513
655
982
1399
1948
942
970
1043
1588
1150
1946
1635
1990
1537
411
637
740
860
962
172
418
537
1026
606
710
746
1157
209
1024
1042
1147
1478
1387
1859
1968
1130
1932
818
1110
559
907
488
571
1261
1656
700
1230
1812
644
808
547
844
330
1330
1332
215
614
1729
309
1708
258
353
1971
436
405
523
405
429
1579
872
1169
1306
1904
543
1328
373
512
61
1335
1403
1451
216
1786
866
1554
1760
1801
1507
927
781
1173
291
1352
1408
1960
16
1428
257
961
1037
1765
145
259
918
1587
1101
1726
545
1382
462
944
1952
46
219
1118
1789
1213
1279
49
224
574
1835
1646
625
1203
1398
1519
1711
1740
1341
1691
346
717
1483
590
976
1103
733
811
1193
55
1678
1733
444
703
744
1763
262
455
628
1676
297
427
1945
52
1250
1903
320
647
810
1078
1504
1898
429
678
255
337
915
601
618
771
1972
743
856
751
1135
800
1225
1202
1321
1028
795
550
986
548
828
904
628
866
581
1701
1001
1447
1792
204
1434
1551
1917
494
649
1217
490
547
341
971
417
1360
1439
66
226
427
101
367
1015
1617
1059
1912
931
1538
1014
1084
250
1050
1986
168
1481
1789
677
1188
1793
142
199
455
482
1210
1416
672
1039
440
536
769
65
1591
326
473
61
132
617
1081
385
778
1119
1351
1980
630
1349
327
951
1109
779
1092
1289
1315
1406
1904
421
1366
1873
206
1095
1365
1835
1204
314
554
1471
360
1356
151
565
785
1042
1136
157
9
505
1489
1960
486
844
1444
1116
1305
1295
1321
1565
186
385
1388
1245
619
375
1700
1766
764
981
1602
1318
615
1254
255
317
1087
1122
1161
1597
1997
1706
603
650
833
1642
1210
912
1354
1929
1127
1687
1966
1223
1346
1349
1369
626
1671
364
665
271
629
844
1018
1548
1230
1731
1052
1398
1411
1422
1762
62
1269
264
720
852
959
1067
1248
34
812
813
441
1110
1721
162
622
417
1310
1325
971
1123
110
552
581
896
1705
278
371
466
542
674
740
855
879
329
1300
1446
386
579
982
1196
1712
1769
1996
1794
598
1268
197
790
852
1604
72
1983
1013
649
722
1347
1875
7
1503
268
1778
150
895
351
975
1423
1914
484
897
577
1858
1456
7
95
688
1436
461
1111
1352
253
403
564
15
170
368
1053
1912
1124
1220
619
889
3
691
257
226
725
1164
1876
230
337
363
1611
272
1934
91
830
1833
1918
79
1079
1514
1959
89
664
1112
164
1511
690
791
807
433
459
595
1781
1806
30
583
1181
435
395
1072
1078
1396
1608
1295
873
1221
994
1505
53
1136
1994
67
942
1362
545
739
95
501
578
1595
1536
1067
149
682
169
400
1392
1632
1935
1603
1811
404
506
748
801
27
1064
1463
1504
69
333
1637
26
1265
612
613
722
1384
647
1259
590
684
874
1024
764
1627
656
1007
1227
667
1073
1866
198
152
1413
1490
1070
502
753
1462
430
177
1022
1128
1618
331
1783
732
1511
1985
152
1977
336
995
1138
231
341
994
1831
520
1504
572
691
1841
453
746
850
961
1885
440
712
91
702
655
481
793
623
1041
1804
227
917
418
1976
497
817
92
602
939
1481
587
775
1221
1621
272
1513
1127
1370
764
1488
1596
920
1906
1143
842
1637
1925
1235
1917
52
1358
626
1167
1242
686
1647
1869
264
654
1997
136
458
630
1681
1832
733
1063
1117
1925
124
1732
263
422
1899
1083
1131
1791
17
218
301
1224
1479
1497
1555
438
467
0
347
839
1013
1208
1337
1785
441
1318
1324
1537
176
817
1432
1556
1239
1639
1918
667
297
1248
829
192
841
116
133
624
1309
1396
1481
826
1428
31
251
1753
310
1818
627
795
1681
302
529
406
945
30
1322
133
563
1078
1706
756
1457
273
1089
1287
715
1005
70
381
764
567
908
440
891
1805
618
666
617
671
1404
1115
99
689
1153
638
215
1402
1739
465
704
1781
1087
1265
1673
1999
822
954
136
250
1501
1576
547
1435
321
1135
171
1963
722
1356
1742
1902
1961
77
277
489
715
1228
634
449
926
956
279
609
429
1121
1244
605
1041
1342
241
1320
1942
98
972
1118
758
1118
1155
65
116
360
795
685
1091
1242
1655
145
1452
822
951
1113
834
901
728
736
1203
1410
1082
779
157
356
1723
208
851
871
1031
452
554
748
1291
1779
300
1042
285
857
1088
93
241
756
831
1575
155
107
400
721
1081
1291
1645
199
952
1299
1440
1669
29
374
1160
1290
849
409
443
944
559
867
962
1252
41
48
16
230
1745
294
807
65
282
810
977
1278
1945
18
960
1398
261
958
952
1215
213
752
890
817
1302
1312
1519
831
998
1784
570
892
1842
633
1518
1252
1472
1574
330
383
770
394
438
1322
1767
571
863
1370
1431
1242
1916
718
882
442
282
1407
1549
1662
1246
1652
779
652
1096
1165
1909
742
1538
1772
529
559
1673
1794
303
329
1079
604
835
30
122
912
1926
754
895
1769
1782
1922
1951
1428
78
821
1607
704
1100
1453
1968
11
1672
101
684
1705
1993
207
664
202
478
505
854
1051
730
1384
464
1122
1965
1208
1851
1402
119
1005
656
1516
1890
190
197
292
1445
142
593
439
625
1038
1281
1443
1317
1981
649
542
1269
1433
1927
17
42
1493
436
285
1125
1420
438
372
601
1201
1676
459
1486
1587
768
1842
69
1061
559
1160
1838
42
130
568
1151
1259
1967
1205
1941
1432
1438
1608
295
486
1330
1964
331
1452
1932
99
104
160
1465
248
582
810
1523
23
1995
546
518
546
1344
1755
1735
445
459
917
980
1025
1210
1569
1131
1949
323
334
1152
1269
1643
392
712
25
1733
1553
357
1014
480
741
1396
1446
1102
548
140
1935
346
1230
1694
1973
582
666
1193
1637
1602
1780
1199
1833
-1
