100
190
0
3
5
9
11
15
16
17
19
20
23
25
26
28
30
30
32
34
34
37
38
40
43
44
44
47
51
52
53
55
57
58
60
64
66
68
72
74
77
82
85
90
93
96
99
100
102
103
104
106
108
110
113
117
117
119
121
124
131
132
133
134
136
136
137
137
139
139
139
139
141
143
144
147
149
152
156
156
156
157
158
160
162
167
169
171
173
174
177
178
179
180
180
181
182
183
186
188
189
190
190
1
18
83
0
25
25
56
57
87
71
95
8
25
50
87
36
7
6
86
4
47
65
81
33
82
32
28
37
27
98
55
75
19
72
0
36
51
16
21
32
20
42
81
97
51
54
69
1
2
4
57
34
13
12
82
51
75
48
45
49
11
20
43
54
10
92
26
85
38
41
46
57
5
18
12
42
49
35
39
45
52
69
38
60
63
43
57
79
82
85
35
80
93
21
37
50
32
40
84
75
31
38
35
9
30
82
31
37
4
42
18
24
29
38
84
95
96
24
32
15
82
2
59
89
2
25
35
40
61
88
96
74
56
39
57
65
39
9
61
24
38
72
90
3
16
70
73
72
94
58
83
87
15
29
44
80
95
40
41
75
9
21
10
28
40
48
55
0
74
43
52
34
40
7
2
4
74
57
56
70
33
41
73
3
52
78
52
57
22
13
-1
